20201222_01 [  2, 136][  6, 133]
20201222_02 [  1, 470][  2, 472][ 11, 204][ 48, 182]
20201222_03 [  1, 156][  2, 152][ 57,  67]
20201222_04 [  1, 110][  2, 427][ 24, 375][ 50,  93][ 99, 137][101, 187]
20201222_05 [  3, 163][  8, 159][ 16, 154][ 18,  35]
20201222_06 [  1, 116][  3, 116][ 14,  36][ 22,  35][ 49,  43]
20201222_07 [  3, 154][  4, 316][ 24, 276][ 26,  64][ 49, 212][ 78, 105][108,  73]
20201222_08 [  2, 284][  7, 283][  9, 267]
20201222_09 [  2, 320][  3, 320][  4,  69][ 62, 103]
20201222_10 [  2, 240][ 39,  98][ 93,  87]
20201222_11 [  3,  50][  5, 223][ 23,  45][ 24,  47][ 34, 102]
20201222_12 [  2, 166][ 25, 143]
20201222_13 [  2, 184][  3, 180][ 31,  45][ 46,  74][ 47,  64]
20201222_14 [  3, 220][  5, 213][ 66,  79]
20201229_01 [  1, 121][  2, 252][  3, 105][ 40, 125][ 46, 119]
20201229_02 [  1, 294][  2, 296][  3, 289]
20201229_03 [  2, 824][  5, 593][ 38, 164][118, 339][303, 255][321, 225]
20201229_04 [  1, 142][  2, 172][  5, 172]
20201229_05 [  1, 320][ 13, 184][ 26, 203][ 43,  66][ 64,  82]
20201229_06 [  2, 296][ 11, 206][ 12, 124][ 73,  61][ 81,  72]
20210105_01 [  1, 240][  2, 106][ 18, 101][ 65,  93][ 66,  92]
20210105_02 [  3, 324][ 18,  97][122, 131][124, 111]
20210105_03 [  1, 248][  2, 248][  3, 248]
20210105_04 [  2, 367][  3, 345][ 24, 333]
20210105_05 [  3, 372][ 56, 296]
20210105_06 [  2, 208][  4,  41][ 30,  64]
20210105_07 [  3, 188][  5,  78][ 12, 175]
20210105_08 [  1, 260][  2, 172][  6,  74]
20210105_09 [  1, 136][  4, 114][  6,  46][ 38,  42]
20210105_10 [  4, 127][  5, 490][ 24, 203][126, 101][150, 197]
20210105_11 [  1, 210][  2, 212][ 42,  45]
20210105_12 [  3,  96][  7,  50][ 33,  51][ 43,  36][ 46,  27]
20210105_13 [  1,  47][  2,  35][  5,  84][ 14,  63][ 18,  33]
20210105_14 [  1,  94][  4,  76][  7,  95][ 56,  40]
20210309_01 [  3, 467][ 10, 450][ 70, 194]
20210309_02 [  4, 264][ 20, 250]
20210309_03 [  2, 142][  3, 276]
20210309_04 [  3, 863][ 41, 230][347, 188]
20210309_05 [  3, 164][ 16,  55][ 18,  34][ 36,  64]
20210309_06 [  6, 438][ 72, 129][ 74, 274][147, 187]
20210309_07 [ 12, 494][ 32, 215][ 60, 416][117, 177]
20210309_08 [  1,  50][  2, 155][  3, 156][ 32,  32]
20210309_09 [  1, 478][  6, 378][  8, 332][  9, 287][121, 143]